0.000000000 0 6 1
0.050000000 1 4 0
0.050000000 7 4 0
0.050000000 8 6 0
0.050000000 9 6 0
0.050000000 0 5 0
0.050000000 1 6 1
0.050000000 4 6 1
0.050000000 6 6 1
0.050000000 10 5 1
0.100000000 2 4 0
0.100000000 7 6 0
0.100000000 8 4 0
0.100000000 9 6 0
0.100000000 10 5 0
0.100000000 5 4 1
0.150000000 1 4 0
0.150000000 3 4 0
0.150000000 10 5 0
0.150000000 3 4 1
0.150000000 6 4 1
0.200000000 0 4 0
0.200000000 10 6 0
0.200000000 10 6 1
0.250000000 3 6 0
0.250000000 4 6 0
0.250000000 5 6 0
0.250000000 8 6 0
0.250000000 9 6 0
0.250000000 10 5 0
0.250000000 2 6 1
0.250000000 9 6 1
0.250000000 10 6 1
0.300000000 5 6 0
0.300000000 10 6 0
0.300000000 10 5 0
0.300000000 0 6 1
0.300000000 1 6 1
0.300000000 6 4 1
0.300000000 6 6 1
0.300000000 0 5 1
0.350000000 6 6 0
0.350000000 7 6 1
0.400000000 1 4 0
0.400000000 2 4 0
0.400000000 1 6 1
0.400000000 2 4 1
0.400000000 8 4 1
0.450000000 3 4 0
0.450000000 4 6 0
0.450000000 4 6 1
0.450000000 7 4 1
0.450000000 7 6 1
0.500000000 0 4 0
0.500000000 1 4 0
0.500000000 9 4 0
0.500000000 2 4 1
0.500000000 6 4 1
0.550000000 6 6 0
0.550000000 8 6 0
0.550000000 9 4 0
0.550000000 0 6 1
0.550000000 7 6 1
0.600000000 1 6 0
0.600000000 9 6 0
0.600000000 3 6 1
0.650000000 3 6 0
0.650000000 10 4 1
0.700000000 7 6 0
0.700000000 1 4 1
0.700000000 10 4 1
0.700000000 10 6 1
0.750000000 1 4 0
0.750000000 6 4 0
0.750000000 9 6 1
0.750000000 0 5 1
0.800000000 5 4 0
0.800000000 8 6 0
0.850000000 8 6 0
0.900000000 0 4 0
0.900000000 10 4 0
0.900000000 10 5 0
0.900000000 5 4 1
0.950000000 0 6 0
0.950000000 6 4 0
0.950000000 7 6 1
0.950000000 8 4 1
0.950000000 10 4 1
1.000000000 0 4 0
1.000000000 1 4 0
1.000000000 3 6 0
1.000000000 5 6 0
1.000000000 2 6 1
1.000000000 6 6 1
1.000000000 8 6 1
1.050000000 3 4 0
1.050000000 10 4 0
1.100000000 5 10 0
1.100000000 4 10 1
1.100000000 5 10 1
1.150000000 6 0 0
1.150000000 6 1 0
1.150000000 4 5 0
1.150000000 6 5 0
1.150000000 4 6 0
1.150000000 6 9 0
1.200000000 6 6 0
1.200000000 6 10 0
1.200000000 4 3 1
1.200000000 6 4 1
1.250000000 4 0 0
1.250000000 6 7 0
1.250000000 5 10 0
1.250000000 6 3 1
1.250000000 4 5 1
1.300000000 4 0 0
1.300000000 5 0 0
1.300000000 4 7 1
1.350000000 4 1 0
1.350000000 6 5 0
1.350000000 6 8 0
1.350000000 6 4 1
1.350000000 4 5 1
1.350000000 6 5 1
1.350000000 6 8 1
1.400000000 4 8 0
1.400000000 6 9 0
1.400000000 4 5 1
1.450000000 6 0 0
1.450000000 4 2 0
1.450000000 4 4 0
1.450000000 6 2 1
1.450000000 4 8 1
1.450000000 4 10 1
1.500000000 6 1 0
1.500000000 6 2 0
1.500000000 6 4 0
1.500000000 4 10 0
1.500000000 5 10 0
1.500000000 6 0 1
1.500000000 4 3 1
1.500000000 4 4 1
1.550000000 4 1 0
1.550000000 6 2 0
1.550000000 4 5 0
1.550000000 5 10 0
1.550000000 4 0 1
1.550000000 4 1 1
1.550000000 4 8 1
1.550000000 4 10 1
1.550000000 5 10 1
1.600000000 6 4 0
1.600000000 4 5 0
1.600000000 6 9 0
1.600000000 5 0 0
1.600000000 6 0 1
1.600000000 4 5 1
1.600000000 4 6 1
1.650000000 4 0 0
1.650000000 6 0 0
1.650000000 6 1 0
1.650000000 4 2 0
1.650000000 4 3 0
1.650000000 6 5 0
1.650000000 6 0 1
1.650000000 4 3 1
1.700000000 6 0 1
1.700000000 6 9 1
1.700000000 4 10 1
1.750000000 4 1 0
1.750000000 4 2 0
1.800000000 4 3 0
1.800000000 6 6 0
1.850000000 4 0 0
1.850000000 4 4 0
1.850000000 6 9 0
1.850000000 4 9 1
1.900000000 4 0 0
1.900000000 6 1 0
1.900000000 4 6 0
1.900000000 6 8 1
1.950000000 4 0 0
1.950000000 6 0 0
1.950000000 4 1 0
1.950000000 4 2 0
1.950000000 6 4 0
1.950000000 4 8 0
1.950000000 4 2 1
1.950000000 6 7 1
1.950000000 4 9 1
2.000000000 6 1 0
2.000000000 4 4 0
2.050000000 4 5 0
2.050000000 4 9 0
2.050000000 5 0 0
2.050000000 2 6 1
2.050000000 4 4 1
2.100000000 0 4 0
2.100000000 10 4 1
2.150000000 1 4 0
2.150000000 9 4 0
2.150000000 3 6 1
2.150000000 7 6 1
2.200000000 1 4 1
2.200000000 2 6 1
2.200000000 5 6 1
2.200000000 8 6 1
2.250000000 2 6 0
2.250000000 10 4 0
2.250000000 9 6 1
2.300000000 8 4 0
2.300000000 8 6 0
2.300000000 1 4 1
2.300000000 4 4 1
2.300000000 8 4 1
2.300000000 0 5 1
2.350000000 0 4 0
2.350000000 4 4 0
2.350000000 5 4 0
2.350000000 9 4 1
2.350000000 9 6 1
2.400000000 1 6 0
2.400000000 3 6 0
2.400000000 4 6 0
2.400000000 5 4 0
2.400000000 5 6 0
2.400000000 4 4 1
2.400000000 8 6 1
2.400000000 9 4 1
2.450000000 8 4 0
2.450000000 9 6 0
2.450000000 10 6 0
2.450000000 0 5 0
2.450000000 1 6 1
2.450000000 4 4 1
2.450000000 4 6 1
2.450000000 5 6 1
2.450000000 7 4 1
2.450000000 9 6 1
2.450000000 10 4 1
2.500000000 0 4 0
2.500000000 0 6 0
2.500000000 1 4 0
2.500000000 5 4 0
2.500000000 10 6 0
2.550000000 2 4 0
2.550000000 4 4 0
2.550000000 9 6 0
2.550000000 8 4 1
2.550000000 10 5 1
2.600000000 3 6 0
2.600000000 4 4 0
2.600000000 6 4 0
2.600000000 9 4 0
2.600000000 9 6 0
2.600000000 10 6 0
2.650000000 3 6 0
2.650000000 7 6 0
2.650000000 10 4 1
2.700000000 5 6 0
2.700000000 6 4 0
2.700000000 0 4 1
2.700000000 0 6 1
2.700000000 5 6 1
2.750000000 3 4 0
2.750000000 7 4 0
2.750000000 7 6 0
2.750000000 1 4 1
2.750000000 4 6 1
2.750000000 5 6 1
2.750000000 6 4 1
2.750000000 10 6 1
2.800000000 4 4 0
2.800000000 6 4 0
2.800000000 6 6 0
2.800000000 10 6 0
2.800000000 5 4 1
2.850000000 0 6 0
2.850000000 3 6 0
2.850000000 6 4 0
2.850000000 10 5 0
2.850000000 2 6 1
2.850000000 3 6 1
2.850000000 7 4 1
2.850000000 9 4 1
2.900000000 1 4 1
2.900000000 8 6 1
2.900000000 10 5 1
2.950000000 3 6 0
2.950000000 4 6 0
2.950000000 5 4 0
2.950000000 10 4 0
2.950000000 3 6 1
2.950000000 7 6 1
3.000000000 0 4 0
3.000000000 6 6 0
3.000000000 9 6 1
3.050000000 1 6 0
3.050000000 6 4 1
3.100000000 0 6 0
3.100000000 2 4 0
3.100000000 3 4 0
3.100000000 4 6 0
3.100000000 7 6 0
3.100000000 8 6 0
3.100000000 10 6 0
3.100000000 6 7 1
3.150000000 6 9 0
3.150000000 6 0 1
3.150000000 4 1 1
3.150000000 6 4 1
3.150000000 6 8 1
3.150000000 6 10 1
3.200000000 4 4 0
3.200000000 6 5 0
3.200000000 4 9 1
3.200000000 6 9 1
3.200000000 5 0 1
3.250000000 6 9 0
3.250000000 4 1 1
3.250000000 6 8 1
3.250000000 4 9 1
3.300000000 6 10 0
3.300000000 5 0 0
3.300000000 4 2 1
3.300000000 4 3 1
3.300000000 6 6 1
3.350000000 6 6 1
3.350000000 4 9 1
3.400000000 4 6 0
3.400000000 6 9 0
3.450000000 4 1 0
3.450000000 4 5 0
3.450000000 6 5 0
3.450000000 4 5 1
3.450000000 5 0 1
3.500000000 6 3 0
3.500000000 6 8 0
3.500000000 6 3 1
3.550000000 6 0 0
3.600000000 6 9 0
3.600000000 6 10 0
3.600000000 5 10 0
3.600000000 4 5 1
3.650000000 6 9 0
3.650000000 5 10 0
3.650000000 6 7 1
3.650000000 6 9 1
3.700000000 5 10 0
3.700000000 6 10 1
3.750000000 6 3 0
3.750000000 5 0 0
3.750000000 4 1 1
3.750000000 6 2 1
3.750000000 6 4 1
3.750000000 4 7 1
3.750000000 4 9 1
3.800000000 4 4 0
3.800000000 6 8 0
3.800000000 4 4 1
3.800000000 4 7 1
3.800000000 6 8 1
3.850000000 4 0 0
3.850000000 4 2 0
3.850000000 6 0 1
3.850000000 6 3 1
3.850000000 4 4 1
3.850000000 6 7 1
3.850000000 4 10 1
3.900000000 4 3 0
3.900000000 6 9 0
3.900000000 4 5 1
3.900000000 6 7 1
3.900000000 6 10 1
3.950000000 6 0 0
3.950000000 4 2 0
3.950000000 4 3 0
3.950000000 4 4 0
3.950000000 4 5 1
3.950000000 6 10 1
4.000000000 4 1 0
4.000000000 4 3 0
4.000000000 6 5 0
4.000000000 6 6 0
4.000000000 6 5 1
4.000000000 4 7 1
4.050000000 4 1 0
4.050000000 6 1 0
4.050000000 4 3 0
4.050000000 4 4 0
4.050000000 6 5 0
4.050000000 4 2 1
4.050000000 6 2 1
4.050000000 6 9 1
4.100000000 4 2 0
4.100000000 4 7 0
4.100000000 6 7 0
4.100000000 4 9 0
4.100000000 4 10 0
4.100000000 4 4 1
4.100000000 7 4 1
4.100000000 8 4 1
4.100000000 10 4 1
4.150000000 1 4 0
4.150000000 8 6 0
4.150000000 5 4 1
4.150000000 5 6 1
4.150000000 8 6 1
4.200000000 5 4 0
4.200000000 8 6 0
4.200000000 3 4 1
4.200000000 7 4 1
4.200000000 8 6 1
4.200000000 10 6 1
4.200000000 10 5 1
4.250000000 0 6 0
4.250000000 8 4 0
4.250000000 9 6 0
4.250000000 0 4 1
4.250000000 1 6 1
4.250000000 2 6 1
4.250000000 3 6 1
4.250000000 7 6 1
4.250000000 9 6 1
4.300000000 0 6 0
4.300000000 2 6 0
4.300000000 6 4 0
4.300000000 8 6 0
4.300000000 6 4 1
4.300000000 8 4 1
4.300000000 9 6 1
4.350000000 2 4 0
4.350000000 3 4 0
4.350000000 5 6 0
4.350000000 8 4 1
4.350000000 10 6 1
4.350000000 10 5 1
4.400000000 5 6 0
4.400000000 1 4 1
4.400000000 7 6 1
4.400000000 10 6 1
4.450000000 5 6 0
4.450000000 4 6 1
4.450000000 6 6 1
4.500000000 10 5 0
4.500000000 0 4 1
4.500000000 3 4 1
4.500000000 4 6 1
4.500000000 10 4 1
4.550000000 4 4 1
4.550000000 5 6 1
4.550000000 6 6 1
4.550000000 7 4 1
4.600000000 4 4 1
4.600000000 5 4 1
4.600000000 6 6 1
4.600000000 8 6 1
4.600000000 10 5 1
4.650000000 0 4 0
4.650000000 2 4 0
4.650000000 2 6 0
4.650000000 4 6 0
4.650000000 8 4 0
4.650000000 8 6 0
4.650000000 9 6 0
4.650000000 10 4 0
4.650000000 7 6 1
4.650000000 10 4 1
4.700000000 2 4 0
4.700000000 4 6 0
4.700000000 6 6 1
4.700000000 9 4 1
4.750000000 1 4 0
4.750000000 1 6 0
4.750000000 2 4 0
4.800000000 9 4 0
4.800000000 1 6 1
4.800000000 2 6 1
4.850000000 3 6 0
4.850000000 9 4 0
4.850000000 10 6 0
4.850000000 4 4 1
4.900000000 3 4 0
4.900000000 10 5 0
4.900000000 0 6 1
4.900000000 1 6 1
4.900000000 6 4 1
4.950000000 7 4 0
4.950000000 8 4 0
4.950000000 9 4 0
4.950000000 7 4 1
4.950000000 10 6 1
5.000000000 2 4 0
5.000000000 7 4 0
5.000000000 8 4 0
5.000000000 9 6 0
5.000000000 10 4 0
5.000000000 2 6 1
5.000000000 3 4 1
5.000000000 5 6 1
5.000000000 7 6 1
5.050000000 6 4 0
5.050000000 0 5 0
5.050000000 0 5 1
5.100000000 1 4 0
5.100000000 6 6 0
5.100000000 4 2 1
5.150000000 6 0 0
5.150000000 6 1 0
5.150000000 4 2 0
5.150000000 6 3 0
5.150000000 6 7 1
5.200000000 6 2 0
5.200000000 4 4 0
5.200000000 6 2 1
5.200000000 4 4 1
5.200000000 6 4 1
5.200000000 6 8 1
5.200000000 4 10 1
5.200000000 5 10 1
5.250000000 6 1 0
5.250000000 4 5 0
5.250000000 4 8 0
5.250000000 6 8 0
5.250000000 6 4 1
5.250000000 4 9 1
5.300000000 4 5 0
5.300000000 4 7 0
5.300000000 6 10 0
5.350000000 4 2 0
5.350000000 4 3 0
5.350000000 6 7 0
5.350000000 4 0 1
5.350000000 4 1 1
5.400000000 4 0 0
5.400000000 4 3 0
5.400000000 4 6 0
5.400000000 6 7 0
5.400000000 6 8 0
5.400000000 5 10 0
5.400000000 4 0 1
5.400000000 6 8 1
5.400000000 5 0 1
5.400000000 5 10 1
5.450000000 6 0 0
5.450000000 4 2 1
5.450000000 6 6 1
5.500000000 4 0 0
5.500000000 6 0 0
5.500000000 6 3 0
5.500000000 6 9 0
5.550000000 6 1 0
5.550000000 4 2 0
5.550000000 4 3 0
5.550000000 6 5 0
5.550000000 4 3 1
5.600000000 6 4 0
5.600000000 4 8 0
5.600000000 5 10 0
5.600000000 4 0 1
5.600000000 4 6 1
5.600000000 4 7 1
5.600000000 4 9 1
5.650000000 5 0 0
5.650000000 4 2 1
5.650000000 6 2 1
5.650000000 6 4 1
5.650000000 4 5 1
5.650000000 4 6 1
5.650000000 6 8 1
5.650000000 5 0 1
5.700000000 4 6 0
5.700000000 6 1 1
5.750000000 6 8 0
5.750000000 4 9 0
5.750000000 4 4 1
5.750000000 6 5 1
5.750000000 4 6 1
5.750000000 6 8 1
5.800000000 6 5 0
5.800000000 4 6 1
5.850000000 4 0 0
5.850000000 5 10 0
5.850000000 6 6 1
5.850000000 6 7 1
5.850000000 4 10 1
5.850000000 5 10 1
5.900000000 6 1 0
5.900000000 4 2 0
5.900000000 6 8 0
5.900000000 6 7 1
5.900000000 5 10 1
5.950000000 6 9 0
5.950000000 5 10 0
6.000000000 4 0 0
6.000000000 6 7 0
6.000000000 6 8 0
6.000000000 6 4 1
6.000000000 4 8 1
6.050000000 6 3 0
6.050000000 4 5 0
6.100000000 4 3 0
6.100000000 5 0 0
6.100000000 1 4 1
6.100000000 9 4 1
6.150000000 2 6 0
6.150000000 7 4 0
6.150000000 8 4 0
6.150000000 9 4 0
6.150000000 10 5 0
6.150000000 7 6 1
6.200000000 2 4 0
6.200000000 7 4 0
6.200000000 0 4 1
6.200000000 1 6 1
6.200000000 2 4 1
6.200000000 3 4 1
6.250000000 0 6 0
6.250000000 10 5 0
6.250000000 7 6 1
6.250000000 9 4 1
6.300000000 4 4 0
6.300000000 5 6 0
6.300000000 7 4 0
6.300000000 7 6 0
6.300000000 2 6 1
6.300000000 7 4 1
6.300000000 0 5 1
6.350000000 0 6 0
6.350000000 3 4 0
6.350000000 4 4 0
6.350000000 5 6 1
6.350000000 7 6 1
6.450000000 0 4 0
6.450000000 0 6 0
6.450000000 5 4 0
6.450000000 9 6 0
6.500000000 10 4 0
6.500000000 5 4 1
6.550000000 7 4 0
6.600000000 2 6 0
6.600000000 3 4 0
6.600000000 6 4 0
6.600000000 6 6 1
6.650000000 1 6 0
6.650000000 7 4 0
6.700000000 5 6 1
6.700000000 6 6 1
6.750000000 1 4 0
6.750000000 1 6 1
6.750000000 7 6 1
6.800000000 4 6 0
6.800000000 2 4 1
6.800000000 3 4 1
6.800000000 4 4 1
6.800000000 9 4 1
6.800000000 0 5 1
6.850000000 1 6 1
6.850000000 2 6 1
6.850000000 8 4 1
6.900000000 1 4 0
6.900000000 1 6 0
6.900000000 4 6 0
6.900000000 0 5 0
6.900000000 4 4 1
6.950000000 7 4 1
6.950000000 10 6 1
6.950000000 10 5 1
7.000000000 1 4 0
7.000000000 2 6 0
7.000000000 3 4 0
7.000000000 7 6 0
7.000000000 10 6 1
7.050000000 7 4 1
7.050000000 10 4 1
7.050000000 0 5 1
7.100000000 9 4 0
7.100000000 4 5 1
7.100000000 6 9 1
7.150000000 6 0 0
7.150000000 4 7 1
7.150000000 6 7 1
7.150000000 4 9 1
7.150000000 4 10 1
7.200000000 4 3 0
7.200000000 4 5 0
7.200000000 6 9 0
7.200000000 5 0 0
7.250000000 6 2 0
7.250000000 4 5 0
7.250000000 6 9 0
7.250000000 5 10 0
7.250000000 5 0 1
7.250000000 5 10 1
7.300000000 4 4 0
7.300000000 4 3 1
7.350000000 4 1 0
7.350000000 4 7 0
7.350000000 6 7 0
7.350000000 6 0 1
7.350000000 6 1 1
7.350000000 6 3 1
7.350000000 6 6 1
7.350000000 4 10 1
7.350000000 5 10 1
7.400000000 4 4 0
7.400000000 4 10 0
7.400000000 4 3 1
7.450000000 6 4 0
7.450000000 6 3 1
7.450000000 4 8 1
7.450000000 5 0 1
7.500000000 6 5 0
7.500000000 4 7 0
7.500000000 4 8 0
7.500000000 5 0 0
7.500000000 6 3 1
7.500000000 6 5 1
7.550000000 4 4 0
7.600000000 6 5 0
7.600000000 4 10 0
7.600000000 4 10 1
7.650000000 6 8 0
7.650000000 6 0 1
7.700000000 6 10 0
7.700000000 4 2 1
7.700000000 6 8 1
7.750000000 6 0 0
7.750000000 6 4 0
7.750000000 6 8 0
7.750000000 5 10 0
7.750000000 4 10 1
7.800000000 4 0 0
7.800000000 4 3 0
7.800000000 6 5 0
7.800000000 4 7 0
7.800000000 4 5 1
7.850000000 6 6 0
7.850000000 4 0 1
7.850000000 6 6 1
7.850000000 4 8 1
7.900000000 5 10 0
7.900000000 4 6 1
7.950000000 6 7 0
7.950000000 6 10 0
7.950000000 6 1 1
8.000000000 6 6 0
8.000000000 6 10 0
8.000000000 6 1 1
8.000000000 6 5 1
8.000000000 5 10 1
8.050000000 6 9 0
8.050000000 6 10 0
8.050000000 6 3 1
8.050000000 6 5 1
8.050000000 6 7 1
8.100000000 6 3 0
8.100000000 1 4 1
8.100000000 1 6 1
8.100000000 8 6 1
8.100000000 9 6 1
8.100000000 10 6 1
8.150000000 4 4 0
8.150000000 6 4 0
8.150000000 10 6 0
8.150000000 0 6 1
8.150000000 2 6 1
8.150000000 4 6 1
8.150000000 5 4 1
8.150000000 10 6 1
8.200000000 10 6 0
8.200000000 7 6 1
8.250000000 1 6 0
8.250000000 3 4 0
8.250000000 9 4 1
8.250000000 10 4 1
8.300000000 0 4 0
8.300000000 1 6 0
8.300000000 5 6 0
8.300000000 7 4 0
8.350000000 0 6 0
8.350000000 7 4 0
8.350000000 9 4 0
8.350000000 3 6 1
8.350000000 10 5 1
8.400000000 0 4 0
8.400000000 9 4 0
8.400000000 2 4 1
8.400000000 10 4 1
8.450000000 1 4 0
8.450000000 4 4 0
8.450000000 5 6 0
8.450000000 7 6 0
8.450000000 8 4 0
8.450000000 1 6 1
8.450000000 4 6 1
8.450000000 10 4 1
8.550000000 1 6 1
8.550000000 6 6 1
8.550000000 8 4 1
8.600000000 5 4 0
8.600000000 7 4 0
8.600000000 1 6 1
8.600000000 2 6 1
8.600000000 5 6 1
8.600000000 10 6 1
8.650000000 2 4 0
8.650000000 0 6 1
8.650000000 1 4 1
8.700000000 0 4 0
8.700000000 3 4 0
8.700000000 5 4 0
8.700000000 1 4 1
8.700000000 1 6 1
8.700000000 8 6 1
8.750000000 6 6 0
8.750000000 7 6 1
8.800000000 3 4 0
8.800000000 5 6 0
8.800000000 6 6 0
8.800000000 9 6 0
8.800000000 10 5 0
8.800000000 8 4 1
8.800000000 10 5 1
8.850000000 5 6 0
8.850000000 7 6 0
8.850000000 9 6 0
8.850000000 7 6 1
8.900000000 3 6 0
8.900000000 6 6 0
8.900000000 3 4 1
8.900000000 6 6 1
8.950000000 0 5 0
8.950000000 8 4 1
8.950000000 9 6 1
9.000000000 5 6 0
9.000000000 8 4 0
9.000000000 10 6 0
9.000000000 0 4 1
9.000000000 4 4 1
9.000000000 7 6 1
9.000000000 9 4 1
9.050000000 0 6 0
9.050000000 2 4 0
9.050000000 0 6 1
9.050000000 3 4 1
9.050000000 8 4 1
9.100000000 2 4 0
9.100000000 6 4 0
9.100000000 6 7 1
9.100000000 4 8 1
9.100000000 6 9 1
9.100000000 5 0 1
9.150000000 6 1 0
9.150000000 6 9 1
9.200000000 4 3 0
9.200000000 6 6 0
9.200000000 5 10 0
9.200000000 6 0 1
9.200000000 6 1 1
9.200000000 6 3 1
9.200000000 4 4 1
9.200000000 4 9 1
9.200000000 5 0 1
9.250000000 4 0 0
9.250000000 4 2 0
9.250000000 6 2 0
9.250000000 6 3 0
9.250000000 4 0 1
9.250000000 4 3 1
9.250000000 4 10 1
9.250000000 5 10 1
9.300000000 6 0 0
9.300000000 4 7 0
9.300000000 6 7 0
9.300000000 6 8 0
9.350000000 4 4 0
9.350000000 4 5 0
9.350000000 4 5 1
9.350000000 6 6 1
9.350000000 6 10 1
9.400000000 4 0 0
9.400000000 4 2 0
9.400000000 4 5 0
9.400000000 6 10 0
9.400000000 4 0 1
9.400000000 6 2 1
9.400000000 4 3 1
9.400000000 6 3 1
9.400000000 6 5 1
9.400000000 6 6 1
9.450000000 4 3 0
9.450000000 4 6 0
9.450000000 6 6 0
9.450000000 4 7 0
9.450000000 6 1 1
9.450000000 4 9 1
9.500000000 6 7 0
9.500000000 4 7 1
9.500000000 4 8 1
9.550000000 4 0 0
9.550000000 6 2 0
9.550000000 4 10 0
9.550000000 6 6 1
9.600000000 4 3 0
9.600000000 4 8 0
9.600000000 6 10 0
9.600000000 4 2 1
9.600000000 6 5 1
9.600000000 6 7 1
9.600000000 6 8 1
9.600000000 5 10 1
9.650000000 6 3 0
9.650000000 4 1 1
9.650000000 4 4 1
9.650000000 4 5 1
9.700000000 6 1 0
9.700000000 6 10 0
9.700000000 4 3 1
9.750000000 4 7 0
9.750000000 6 8 1
9.800000000 6 4 0
9.800000000 6 6 0
9.800000000 4 9 0
9.800000000 6 4 1
9.800000000 4 7 1
9.800000000 4 8 1
9.800000000 4 10 1
9.850000000 6 4 0
9.850000000 6 5 0
9.850000000 4 9 0
9.850000000 4 1 1
9.850000000 4 2 1
9.850000000 4 6 1
9.850000000 6 6 1
9.900000000 6 7 0
9.900000000 6 2 1
9.900000000 4 9 1
9.900000000 6 9 1
9.950000000 6 0 0
9.950000000 4 4 0
9.950000000 4 5 0
9.950000000 5 0 0
